Bleu_1: 0.650334
Bleu_2: 0.565458
Bleu_3: 0.506936
Bleu_4: 0.459889
METEOR: 0.345554
ROUGE_L: 0.690597
CIDEr: 3.635129
