Bleu_1: 0.650082
Bleu_2: 0.565294
Bleu_3: 0.507282
Bleu_4: 0.460390
METEOR: 0.345923
ROUGE_L: 0.691154
CIDEr: 3.643106
