Bleu_1: 0.650715
Bleu_2: 0.566781
Bleu_3: 0.508801
Bleu_4: 0.462197
METEOR: 0.347006
ROUGE_L: 0.692125
CIDEr: 3.656440
