Bleu_1: 0.651009
Bleu_2: 0.566517
Bleu_3: 0.508230
Bleu_4: 0.461405
METEOR: 0.347237
ROUGE_L: 0.690248
CIDEr: 3.637318
