Bleu_1: 0.653876
Bleu_2: 0.569107
Bleu_3: 0.510631
Bleu_4: 0.463434
METEOR: 0.348037
ROUGE_L: 0.692306
CIDEr: 3.649918
