Bleu_1: 0.649421
Bleu_2: 0.565141
Bleu_3: 0.506920
Bleu_4: 0.460030
METEOR: 0.345893
ROUGE_L: 0.691551
CIDEr: 3.645452
